1.112578180666435435e+00
-4.288284029890095939e-01
-3.415148814233576191e-03
6.130903836124325101e-01
-1.423781558870116093e-01
-3.334070023521465309e+00
5.789962861473267886e-01
1.373684777745890040e+00
-1.611550635493020689e+00
-2.377573539130409253e-01
2.418044506125190285e+00
7.360972984393306939e-01
5.271096634086452903e-01
-4.877314557936680561e-01
-7.107859512837984006e-01
-9.950956516156741483e-01
9.269507359350612763e-01
6.491801767544812252e-02
4.935322401750825705e-01
-1.374085742235527707e+00
1.860951660300543153e+00
1.358529678171060295e+00
6.904264877941580503e-01
-6.173750515152975904e-02
-2.604777876665497205e-01
1.968631575537256984e+00
7.376525310902632970e-01
3.353626505006092606e-01
1.962840409228836958e+00
-1.789073233377945493e-02
-1.368335982314297539e+00
6.883623023178599976e-01
-1.394369163930305966e+00
1.520754851147262388e-01
4.424418977131693298e-01
2.289320802550345313e+00
4.106337889065403424e-01
-4.393145549184437337e-01
-1.642851020362426473e+00
-1.542077638381899707e+00
8.896402610673681544e-01
5.094619405912895749e-01
1.797302914736911505e+00
-1.837878492973443967e+00
-1.195048033771088480e+00
1.455409165240227676e+00
-3.131617373430963247e-01
4.113579962286972314e-01
-1.540481880051461028e+00
-2.268914624763187782e-01
1.016639136725501213e+00
-6.041339024213172593e-01
-6.918732625925076984e-01
-1.715332516989881428e+00
2.443924772756260744e-01
-4.411812399421999320e-01
-1.324468006431528400e-01
9.476417850968984480e-01
1.040580805500753270e+00
1.201891506200414572e-01
1.025049891872802155e+00
-1.132761803006522516e+00
-4.600750760757871261e-02
-1.855611626869301256e-01
9.414345875411544995e-01
-1.738190092867040626e+00
1.682592709950713639e+00
-8.166586918649376692e-01
3.368731012956819870e-01
-2.085302400344865581e-01
-3.461136400943730096e-01
1.707611208460084296e+00
1.159965748608116742e+00
-5.295791383551058384e-01
3.175476919081375859e-01
1.646853419636693294e+00
9.469785968480741722e-01
7.700752316856582791e-01
4.231807905809074066e-01
-6.493453969478834020e-01
1.297631771536682521e+00
-1.110386034011863199e+00
-2.222653541200648453e-01
-1.155479540180284426e+00
1.529065389009138520e-01
1.240315597862573505e+00
-4.177758285448950337e-01
5.187878511035011186e-01
5.623894090669940837e-01
1.487164355748324673e-01
6.987072479560578753e-01
-1.011652740104362680e+00
3.917347013827776059e-01
-2.630423108563185175e-01
-3.186986154790567016e-01
-2.142996568680742620e+00
6.579580990963518339e-02
1.088260421433216107e+00
3.408733121766102103e-01
-8.308778020800690056e-01
9.184069471246778527e-01
-3.004425559809580371e-01
-6.636735490095488910e-01
-9.981080632406952313e-01
1.029705784395418267e+00
1.525472907274629364e+00
-3.392414581800761830e+00
6.294904546395138079e-01
-4.346036265133701448e-01
2.092112775308139216e-01
2.083164157665430505e+00
5.579057175575737881e-01
1.025412045428233943e-01
-1.608564584359030381e+00
3.735486030634181942e-01
-1.885885835216004336e-01
-2.393873881019712713e-01
-1.062763158566173649e+00
-4.251538950709033426e-01
2.218646164381181674e+00
-8.774157136968230297e-01
1.892743442968254919e-01
1.115624724927596789e+00
-1.184686900857930381e+00
7.373940310941388132e-01
5.545646691463024247e-01
-3.300517706575116228e-01
-1.664166984604256438e-01
-1.836672779227067620e-01
1.347147544384370010e-01
-7.570613031151908201e-01
1.277149261825679227e+00
-1.630425457941244938e+00
-2.188007759744112213e-02
2.737370632845262386e-01
-2.007686040827980078e-01
-2.132995635982042781e+00
1.002854568065261631e+00
-1.291608116577100729e+00
1.118910691652981182e+00
-3.263432634639557017e-01
-1.076416685736059087e+00
6.902738433506711013e-01
1.489412248263458860e+00
-2.479392355504411727e-01
-9.197266819087883405e-02
-3.335344904723044901e-01
1.402710432924419715e-01
1.618424541496807922e-01
-3.574322233839226648e-01
1.209040473893348677e+00
1.787738840758347214e-01
2.159885382086181582e-01
-9.203902810475022012e-01
4.277887739447039372e-01
-6.730675965987473752e-01
-2.388035097281941077e+00
-9.619787351610060711e-01
8.240709159094672387e-01
-1.101350177434980315e+00
1.544606504104766020e-02
-7.735186506174589471e-01
6.386728431579568044e-01
8.725180172248999666e-01
6.893861314162215148e-01
1.032263931883635744e+00
1.051635303904408403e+00
-5.917325472219790994e-01
1.145275669620105241e-01
-1.550417275161322661e-01
8.618619372101525844e-01
-6.857816728954273522e-01
-1.433549800965839560e-01
-2.504378250769243586e-01
-5.363430207239663350e-01
-1.684302182636689516e+00
1.547951577034481496e-01
1.799502820046749552e+00
1.880906357959710062e+00
2.312960848897816835e+00
-5.897242366115229562e-01
3.768188179301617535e-01
2.037036513468218679e+00
-4.204162002189696934e-01
-3.644044023134839216e-01
-2.598936526840915917e+00
1.070082760059858140e+00
6.815756542671135287e-01
-2.855028043660214898e+00
6.453227512699178936e-01
5.192060280594456012e-01
-7.809694567263061327e-01
3.709218324957935797e-03
1.080683453620340240e+00
4.230418132007388587e-01
-4.059957534394406098e-01
1.415236623612023514e+00
-2.276786204223315568e-01
-2.860046127562924645e-01
1.889368624542444808e+00
-1.135013212262572013e+00
1.278878537977421737e-01
1.198871740806870312e+00
-2.040275904028032716e-02
-1.420601320132488077e+00
-1.139277889276818501e+00
-3.566163588501688464e-01
-1.306684556067817304e+00
-3.220715628990389323e-01
1.160371769323910840e+00
-3.785696619984733058e-01
-1.996116482920673452e-02
2.660884682641780685e+00
1.100810500467576780e+00
2.169070485365069134e-01
1.894724559649190176e+00
-4.791997044487616986e-01
7.398416610531117765e-01
1.151277834131289035e-01
8.081395486935739614e-01
-9.712461725403465085e-02
4.820865602718468201e-01
1.729955218625955915e-03
-1.493147185714242875e+00
9.271052192489899202e-01
-1.010599686986456969e-01
9.438891649452276766e-01
-3.181180999671425758e-01
-1.538996154471618860e+00
-1.696397477834405532e+00
-3.440354050234767369e-02
1.089253459083115994e-01
2.100422791270592504e-01
2.704520731270629863e-01
-8.476127097676184885e-01
1.909487782792041122e+00
1.979394675313433938e-01
-3.666615711388263033e-01
8.403860821958751837e-01
9.867878688252328390e-01
3.986857485146911295e-01
-3.005138660967322517e-01
-1.146795064530017116e+00
9.187052722879450739e-01
1.773128888494023059e+00
-1.144121010589198018e-01
4.843927913051307432e-01
-5.363500101438556378e-01
1.258500383800473243e-01
8.448790689466749715e-01
9.600790767669781234e-02
-6.135182937203609299e-01
9.947544426403533979e-01
-6.222308536953877756e-01
-1.369896293992635794e+00
1.497083072209545840e+00
2.573383448644425142e-01
1.476841778277759865e-02
-7.087987653514099540e-01
-6.320325793702246120e-01
-5.154471950628160271e-02
1.407223107198302348e+00
8.175652243528890306e-01
5.077356720091272813e-01
-1.816350098812060665e+00
8.347799822246457779e-01
6.517362599203810336e-02
-1.441592673480325715e+00
4.356575765954837087e-02
-1.040119472225235375e+00
-7.936156773635587580e-01
9.365656783589568213e-03
-1.741263851492755588e-01
-4.404273863680462919e-01
-8.760996104958581610e-01
1.895765922680607174e+00
2.881028163640642625e-01
-1.547872389725927222e+00
-1.855778970376326664e-01
1.888028727887008706e+00
-6.026929217392555937e-01
-3.714567796127371535e-01
-1.485827807408211854e+00
2.343832370651774522e+00
4.846905512936254823e-01
-3.503996881935902419e-01
1.076792218250839372e+00
3.646012527056420316e-01
-3.693083350837773893e-02
-2.421924230966211677e+00
3.155773091451806178e-01
-5.438982289048069907e-01
-8.510682404588670869e-01
-1.460726916965266353e+00
-9.886542146546806187e-02
-1.562286096673384028e+00
8.401623061143158322e-02
-1.037969843694523497e+00
-1.316271332336708344e+00
-1.199214486924589096e+00
1.043321638015515918e+00
-2.988232076860343200e-01
-1.609448396267647796e+00
-6.379757970538912915e-01
2.344714207835066233e+00
1.474940847747669759e+00
1.485289816866965928e+00
1.895428844090811804e-01
3.887859732191024653e-01
5.174831732347112689e-01
-4.053442191545534867e-01
-5.844297032673575476e-01
1.463928671135831472e+00
1.028412333401829137e-01
-2.126147326476463206e+00
-1.106543188981333470e-01
9.566688468054078687e-01
-6.627490648996232636e-01
5.805996765234145984e-01
-1.168247206591669363e+00
3.282243640473654911e-01
-1.289360210805043372e-01
9.395781333051039796e-01
6.056868769247354400e-01
-1.328325287481557870e+00
-1.377118470418366103e+00
-1.848578928360147255e+00
5.774378655741799760e-01
-1.627300112394283738e-01
-4.769353621708526947e-01
-1.532770183039449563e+00
1.681617192044962683e-01
-7.160151055682997256e-01
-1.275334767231773858e+00
9.156096515337452946e-01
-3.642479489705974238e-01
1.924729937449266015e-01
-5.926773353690637514e-01
-7.430659815188451756e-01
-1.477160827323410031e+00
-6.727857783626690624e-01
6.578935487705954710e-01
-8.977332450369607253e-02
-3.978950241044937886e-01
-1.932219777273865569e-01
-2.609452620194787631e-01
-1.943889396252076907e+00
-5.495308051380685122e-01
3.225102778618019084e+00
6.238526840536989804e-01
-7.485265235071383305e-01
1.030534887171185687e+00
-1.748851343920384549e+00
8.910980539226484587e-02
1.061007936062408952e+00
-2.458645452881397242e-01
-3.212081357526772596e-01
-7.096334262960816985e-02
2.488274095703413846e-01
5.225834019073454240e-01
-2.073210231102770251e+00
7.272870579806672842e-02
1.131930262881286398e+00
1.726081714849854176e+00
-1.382631918286068684e+00
5.977296486324272795e-01
1.762866600549336304e+00
1.281018502534936321e+00
-6.312079363679138355e-01
-2.679743551792799772e-01
1.627373446360323994e-01
-1.042116742242322758e-01
-7.483152945372730791e-01
-1.669316498227709333e+00
3.027414518272174004e-01
2.051133410817965963e+00
-1.344267281101831468e+00
-1.045936090014288222e+00
-1.108439142286155032e+00
-1.607622106397390005e-01
1.505625084574124140e+00
7.025452278738301137e-01
1.361948924619149626e+00
1.342262102570202842e+00
1.135076103663263503e+00
-2.319485539499621385e-01
1.623783223162096112e+00
-1.983765791068756168e-01
-1.553130004196555669e+00
3.931069555739725718e-01
1.088239152307323820e+00
-1.231975362635495008e+00
2.484521383338298417e-01
1.463873009240536094e+00
-8.910994359956381228e-01
1.466705830362940777e+00
-1.110751347692580548e+00
-1.096043723273733228e+00
-8.297469488339891397e-01
-1.160574358465307210e+00
2.452964717809471840e-01
7.426723271163357953e-01
-1.261274257934655307e-01
-1.021374570688895034e+00
-8.362605905580834387e-01
-5.379488378010592875e-01
-4.912863408217777450e-01
4.668419567544335180e-01
-6.242810355816044154e-01
-2.771472764455316096e-01
8.152689272130689835e-01
-1.675570658905745636e-01
3.367053402733064527e-01
1.380113699685176165e+00
9.506367226121701375e-01
1.904724177245167294e-01
-7.418515684036794955e-01
1.466847947531829122e-01
-7.876271382776670604e-01
5.252875354541923780e-01
-7.394060902467183283e-01
2.646282130023727697e-01
-4.319877363405554282e-01
1.224274734719629665e+00
-2.052712084633534495e+00
-9.391785845556119838e-01
3.474947306571096184e-01
4.872701361836223044e-01
-9.415715752623311785e-02
-1.154128999129955702e+00
-2.070838915884283704e+00
6.451173802208497454e-01
1.185720279692833667e+00
-3.269589697748905843e-01
-1.258165453703055547e+00
1.517852395987965064e+00
1.501225315271654259e-01
4.252342942061472231e-01
-2.848671629899972579e-01
7.430156785060819669e-01
1.078509805960870427e+00
-6.786385537293967429e-01
3.144744464439488407e-01
4.949774320794223526e-01
8.293680712312145875e-01
2.259647173625934702e+00
4.251140681736965132e-01
1.494895821740422903e+00
-5.914177668560229861e-01
-1.860118851811878860e-01
1.092495438760977766e+00
2.580497796066470451e-01
4.311381137278124664e-01
-5.817525246634315250e-01
1.300466190788945875e-01
2.162941622944577258e+00
-1.271431485036581766e+00
2.372954008429718264e+00
1.251951690689949714e+00
-1.148843480433300535e+00
-6.970448875203043571e-01
-5.003507847631603056e-01
-5.113713832104458401e-01
1.216510975629256364e-02
-2.403671330590975153e-01
-1.532024222763812116e+00
1.448875129672939632e+00
-1.420057283561262096e-01
-3.918776982459866165e-01
8.369214817369606818e-01
2.286732804542203623e-01
-5.282597523517107430e-02
1.557511801413741515e-01
-1.536943244211514958e+00
1.193981094637295737e+00
-4.638519014104989791e-01
1.936194775718438343e+00
-6.350753168125178316e-02
7.040496105916554948e-01
1.213773392348186375e+00
3.289424862390955551e-01
-6.987304129134821462e-01
1.317183674648044978e+00
-1.063780413824357840e+00
5.631973668676319988e-01
1.364921642694331583e+00
2.080740565617912874e-01
6.044415731826735527e-01
9.311155561156181371e-02
-9.919594844515433607e-02
4.122558355239863692e-02
1.146712765882739182e+00
3.550373479700018042e-01
-6.631566365042856903e-01
8.858128106490634757e-01
-1.062090440661489055e+00
-9.058790893442612013e-01
-1.276147303781349329e+00
2.040264730042409269e-01
6.312586440809991872e-02
1.051065161894945588e+00
8.692745205951124543e-01
3.464873707847615503e-01
-3.187352749041609257e-01
2.587041652814272008e-01
1.353545623005973697e+00
1.710300014446925587e+00
-3.424582828574173066e-01
7.349114774329592592e-01
1.337802179145962223e+00
-1.777057400352937577e+00
-1.516804437350527390e+00
1.474249939448962099e+00
9.160234284325979859e-02
6.217945483208430213e-01
1.883905324639128631e+00
4.473758606312020492e-01
1.238718780558482890e-01
-1.953443779611250042e+00
-6.259389345445109942e-01
-7.260162329866566289e-01
2.004080802229583208e-02
4.070519838289957115e-02
4.148263704632597360e-02
-4.104926843539918879e-01
4.770722474498262367e-01
2.626721115298360498e-01
-7.150142088039050936e-01
2.154500103730602745e-02
7.117853124231732220e-02
-1.583033756606819775e+00
-2.973367636720999352e-01
-1.429317897410498084e+00
2.837475141878251783e+00
-1.300699396920100392e+00
2.131590355777879531e-01
-1.236728616431667316e+00
-7.642920370741209668e-01
-9.553219998841928629e-01
9.636806380894333834e-01
8.760007534956149033e-01
-5.227603793364591356e-01
5.402261682156233036e-01
-1.647843165776384122e+00
1.788033274980300957e+00
-1.190574922172563443e+00
1.381379738402550350e+00
-4.011422018880367313e-01
-1.387514525855823466e+00
5.647300839172780806e-01
-9.297434042393062370e-01
4.879237893010693883e-01
-1.187102628833214824e-01
1.095193527473049766e+00
-8.639251247737923523e-01
-4.953785800282588525e-01
-6.390461402943542479e-02
-2.252349067433141450e-01
3.756529439244791768e-01
-1.093705633062788785e+00
1.097177197796725734e+00
1.026298465003552485e+00
-3.066302094586301763e-01
6.612052012287052971e-01
-5.937430048651040071e-01
5.214927852961635801e-02
-1.612980337438630896e+00
2.383937187600777274e-01
-1.305718299415814299e+00
-8.267822921092251587e-01
1.281486005679218332e+00
3.546852279165676469e-01
8.268670981292423894e-02
-4.740592165424488691e-01
-9.624211977375061178e-01
-1.464874304631343049e+00
-2.323486241477999981e-01
1.729820159804980273e+00
-2.772086502805707342e-01
9.216614776738089043e-01
2.183733610759486687e+00
-1.400463122687368944e+00
2.832814735438893283e-03
-1.084541485424697083e+00
6.633393927841599869e-01
1.036190569400042172e+00
-5.646506443466139391e-01
5.222003004908892798e-01
7.284241631785497439e-01
-4.480791943675634381e-01
-1.021739988643027564e-01
1.011532942340202856e+00
-2.427503221907028608e-01
5.201580293960784696e-01
-1.932930381715610491e+00
-4.593432532039546379e-01
2.318673388148217995e-01
1.017092349236322857e+00
-1.112396101268102289e+00
1.332675181640250006e+00
1.190306990827385558e+00
-9.999876801626370604e-01
-1.540309147762920272e+00
8.714165539789038295e-01
-1.158078114042211948e-01
2.300086060587545944e+00
-2.573761769479379513e+00
1.072919191659511995e+00
4.890518677321434304e-01
-2.222371876572516669e+00
-4.113180607547946011e-01
1.596812926018355006e+00
6.082986441060376226e-01
7.029018535845747984e-01
5.309325382221885548e-01
-1.716987197668755405e+00
-5.381656463710408067e-01
-1.445902452158108531e+00
2.371481718447071341e+00
-9.782049027743402458e-01
7.547944307252685281e-02
9.098812697591217580e-01
4.079379693528808470e-01
6.700833302667755231e-03
-1.679417678452274743e+00
7.062161914462170564e-01
-3.517289296690406797e-01
1.500419552740225315e-01
-7.967265826587937028e-01
4.268266662414404444e-01
7.242461143211824659e-01
-7.629079686758363787e-02
-2.201360084753131718e-01
-2.948988047635703325e-01
-2.234903337688761149e-01
-8.621230689442291872e-01
6.065897170988213682e-01
-4.706411788358301207e-01
9.205671646755595461e-01
-1.190733524395877069e-01
-2.371546528947925392e-01
1.049143636943947078e+00
-2.700691349871804370e-01
1.966401803692541694e+00
-4.351947067438127759e-02
-4.818326160652632306e-01
2.579352284067413237e-01
-2.585705177260342325e-01
-7.021965424050173876e-01
6.572499717821791432e-01
2.391580644710911696e-01
7.034654586462301129e-01
-9.266249596194013893e-01
7.112809049782083115e-02
5.874975800938583292e-01
-2.211737481487769941e+00
-6.213088187770272608e-01
-1.310348107214885260e+00
2.079039350133656150e+00
5.501859118162550910e-01
-1.078536879756854638e+00
1.879230064959154012e+00
-7.464782519704147301e-01
-2.869161906922943484e-01
1.114589967919757951e-01
-1.094523219300792549e+00
1.238244325602973761e-01
7.380319155281331867e-01
-5.949495723091113852e-01
3.761049593248220746e-01
-1.301573267423545843e-01
-1.938197168018546690e-01
3.318069670756519929e-01
9.245768699139442770e-01
-1.173629654724810623e+00
-6.559104884126489843e-01
4.108087292486894970e-01
-9.698970722077676632e-01
8.243028598417545538e-01
8.378819546185188871e-01
4.361014225734087812e-01
-5.065061542436102293e-01
9.322812556207926704e-01
6.180940654794362388e-01
2.044706674933677304e-02
6.018351951708206249e-01
-3.412611628872514458e-01
-3.059825440745924663e+00
-6.579492922742959937e-01
3.488680891459690070e-01
6.290339235617106173e-01
3.183407317995897712e-01
-9.249986823603950636e-01
-1.044211457226160711e-01
4.235469888246493619e-01
-1.122232412393097567e+00
1.672031199505873422e+00
-1.022608804290192186e+00
1.031616573451354657e-01
-1.036301261236764193e-01
1.227916198160194705e+00
1.331359004766673459e+00
-1.384620056353292883e-01
1.858303935418016195e+00
-3.539038392926625032e-01
1.057027138650392883e+00
-3.339592895869423206e-01
-2.073119847703349672e-01
-6.111046055825939405e-01
-3.058888026493363221e-01
-1.071849327881125857e-01
1.350012471257951985e+00
-1.062739910235124263e-01
4.591775491991562097e-01
-2.094610338939296046e+00
-2.656691244670005947e+00
1.989463394977085686e+00
-1.473065474873923142e+00
1.070744596835526252e+00
1.791146200538147604e-01
1.079083255336407698e-01
3.098875977342823163e-01
-2.730779795182128322e-01
1.786188382263123042e-01
1.362424531441413178e+00
8.917887163462980826e-01
1.073626655837676580e+00
1.060253957094835275e+00
3.167625111265028881e-01
-8.877042562113821589e-01
-2.677423861597897914e-01
5.458696196695248526e-01
-3.650995985907523611e-02
-1.162491299925074495e+00
-2.324374982322370720e+00
8.111697901142806977e-01
-5.595748030399725348e-01
-5.667200047932073881e-01
-3.360576945367277357e-01
-6.422113677744227811e-01
1.181426838984661387e+00
1.860031722310379609e-01
1.145265355318253242e+00
-8.248748145037584356e-01
1.063448713665199330e-02
-2.041895070591261518e+00
-9.148211820436999986e-01
7.939865587834505911e-01
6.301865408677712610e-01
-2.039619290021413622e+00
6.844847762483079467e-01
-1.092935073176034333e+00
-4.768115319655155115e-01
1.149674261337696457e+00
-2.339050169279268399e-01
4.171301501616304641e-01
-1.716756670885472680e+00
-6.223169514874503649e-01
3.706313216637809882e-01
6.959500427857396865e-01
-1.464292490980413364e-01
-1.019353244737516651e+00
7.753694468396883366e-01
-1.643779780819586200e+00
-8.616196919559570011e-01
-4.835246347949759271e-01
-7.700431498242572559e-01
2.373163285364904007e-01
-1.954163116675499579e+00
9.375457094993220331e-01
3.876904082220525294e-01
3.269257307604616081e-01
6.629923772517165581e-01
1.252303143648881845e+00
9.713932317251040560e-01
-1.512840972757185654e+00
-3.012153623286594750e-01
-1.003769170980658432e+00
-8.038870289664459268e-01
-8.963594303522227635e-01
2.264801908337040204e-01
-5.251540746025917805e-01
4.106344499661708780e-01
2.100645393752843815e-01
-1.277886570638576691e+00
-1.135477814427370280e+00
9.064366393268366018e-01
-3.870216412231615721e-01
3.548380422770003317e-01
-6.866910185390823207e-02
-2.632922845327457378e-02
7.206455445018440376e-01
-1.394310495522170790e-01
-9.183788754084515338e-01
1.811814963299958725e+00
4.684051090359597769e-02
-7.156828858629034062e-01
1.199754523062116052e+00
1.163543163429525962e-01
4.423312251967655984e-01
-3.214395015105119269e-01
2.880840764316248137e-01
5.103061503082996220e-01
1.917241936275019709e+00
1.481783766736500807e-01
2.276994308937139611e+00
-5.409950214004708435e-01
-1.116702985193174236e+00
-3.197839760348698546e-01
-8.975042353112024085e-02
-1.255217137086345192e+00
-1.447247941050112674e+00
8.525800495964186432e-01
-1.607218301149301531e+00
-9.952403928796805799e-01
8.874811480919527762e-01
1.552505097870011008e+00
5.425694745008933229e-01
-1.063272295340940587e+00
1.004121671829057094e+00
1.498516686730314296e-01
-7.677270701196167169e-01
-2.729014014910207120e-01
1.091288447949113838e+00
6.628098948842278126e-01
-1.351107846969379578e+00
-1.071147588816410368e+00
8.426684275513659506e-01
-4.992889360292830925e-01
-7.152576418684964965e-01
1.962972748828365921e+00
1.619761941115909876e+00
5.479347791049833383e-01
-1.862736070204501271e+00
7.057855570053143124e-01
-9.473331645206516383e-01
1.759977033295610227e-01
-1.121741336497705133e+00
-3.797218321013006159e-01
1.557130516199953130e+00
-8.584553767594125251e-01
5.487972537434181453e-01
1.114123473890946681e+00
6.832703346240995845e-01
-2.724508580514352074e-01
-9.564354680019387933e-02
4.952533119018139862e-01
-7.930365686326436014e-01
-1.114636560876612892e+00
5.840162684629132128e-01
8.935500571648297141e-02
1.076297310514706396e-01
5.427445901159861918e-01
7.040225263905566244e-01
-1.299354642729199094e+00
-1.149357477148443385e+00
6.962606556853365714e-01
9.469174529534711837e-01
-1.627557203518396278e+00
4.791011132779595671e-01
-7.680124952688275330e-01
-1.431370522525355460e+00
6.834314778197594920e-02
-4.067016888635801020e-01
1.532133934079646709e+00
-1.862926369809276284e-01
-9.565804450272108461e-01
-1.897525700299135920e+00
-4.472588313525064363e-01
-1.467686734425824202e+00
-2.877027455797522004e-02
-5.024610357061232158e-01
-2.677451962737193547e+00
-1.226133563942760407e+00
-2.125726093615635914e+00
1.226647396890998332e+00
-1.048696020292828823e+00
-5.444529234990354016e-01
5.561583188477802198e-01
-1.579577278023216902e+00
8.510790961472622929e-01
5.990730944722246765e-01
1.724898754119151612e+00
4.376919889372921091e-02
3.418256906771426767e-02
7.221817909558507775e-01
1.738233464796955785e-01
1.404593824455650841e+00
3.128196971246419156e-01
6.267251186810285368e-01
1.214563828508847365e+00
4.851523739493010523e-02
-4.918049614573627437e-01
1.701462060114511399e+00
-3.264105944077510535e-01
-5.933678728811548897e-01
-2.166860485834156691e+00
-3.598496825348870831e-01
-3.457390191328129636e-01
1.385623643602844624e-01
3.811000768661718663e-01
1.295666748354305398e+00
-8.373392897476998886e-01
1.193686450635917273e+00
-1.131830254824083837e-01
-7.268945758275066615e-03
-8.487102405658533133e-01
1.620992751661805231e+00
5.972858670123940006e-02
6.590783006691915968e-01
-7.506397066742360735e-01
1.897651152046926359e+00
1.311895272423987402e-01
-5.231470401595157416e-01
7.129479723256553214e-01
-3.766379606294826266e-01
7.576692595977766453e-01
9.009397717902344338e-01
-1.122743922652165383e+00
-2.920576484215829938e-01
1.203587763013141965e+00
-3.602849405054240894e-01
-1.665062014756847564e+00
-1.011231610768643208e+00
3.986243351888857367e-01
-1.921220894254085820e+00
1.457487715438913201e+00
-1.118178541543348503e+00
-2.937891471065023352e-01
-8.645375042839646973e-01
-2.510467171810639719e-01
1.386081694797258734e-03
-7.474599476689833821e-01
1.526363264171029188e+00
9.132161069452201518e-01
7.877701299269848079e-01
1.225201463493198917e+00
6.397816502562660990e-01
-1.056016880101244212e-02
-1.163713265572559274e+00
-5.523453497460006911e-01
-6.452782636496047497e-02
1.687780683277443627e-01
1.002777021998110030e+00
7.106543530993360003e-01
-1.487195348817365259e+00
8.267933656499496520e-01
-3.749738694651263415e-01
7.606156373990759223e-02
-7.471796206372669502e-01
1.332223483894149907e-01
1.861315265188815848e+00
7.600521982185988179e-01
-2.378374003281155669e-01
8.404768313555646686e-02
-2.320996598080339535e+00
-5.462821860037911925e-01
-6.085573665353486428e-01
5.217880492216648847e-01
9.246299289071273630e-01
-2.841291233003291894e-01
5.253649861460201187e-01
9.193530201862687434e-01
1.504309238442442798e+00
-4.153131217441093925e-01
-5.522189381039817047e-01
9.161056264618995248e-01
3.129301768677766882e-01
-1.371183281849869040e+00
1.021781812169179515e+00
2.389521115305232701e+00
1.107960934354127874e-01
-1.049775550540738289e-01
1.008453027199123664e+00
1.253222763351891755e+00
-2.627913562598302444e-02
-1.154278663540370342e+00
-1.220204455531423315e+00
5.892997988724447689e-01
-1.499530851805769727e+00
-8.225695692990973029e-01
-9.370925505807825573e-01
7.266509518604309381e-01
-3.233684552340214124e-01
-1.753009597233038674e-01
-3.698477379304705714e-02
5.313456403443643783e-01
6.750404049208940105e-01
-6.616827031287912941e-01
5.699155855018155359e-01
1.275010107273871207e-01
-9.952785268418450348e-01
-8.379589576699806308e-01
1.297082082957043747e+00
5.025969873085709416e-01
6.962105354215522568e-02
2.799992702057462202e-01
-3.083747457907148881e-01
-4.370237773431038253e-01
7.458728182232576831e-01
